$ANSIBLE_VAULT;1.1;AES256
33303935623966636435323235386164653837643062653637373736326437373738303761343836
3437323966323634613238316539633938323938316365370a333763303733333734343337653064
37633039306366343061636331613661336463353263396663653039623836653161363865636238
6265656563383532660a396534336335643463316364363733336432623962376162333638373862
63313731323332623930326535636662313638393431373732653332663666613065386266613762
39613863656261623562363337393131333165313332333066663139386564636461616136303461
38663131633966653164663462613837303964353535343535316562343264316561356338343031
31346361656131316637366237653635643330653933386439376561653135663235666364383131
65386263363531616330303734343330643631376336376166616262326562653832363833353839
37306566613131376462353736653364393431383866616236316164313362623034363132333064
32313735383664303566613339623764633638393935643863393833326330326561353732356637
31393937303366333965653231326231323032346438386235313935376532393066396434636134
39383163616435303838616664303832633139363231346663343933633330623432323435303636
39646330363139376433633835356662613064396565353030346233363436623634386332366631
36633962666139393038383263356433323131323232643833613337333538363333643533353237
63623034346261303234383264383362353734313066343063316536386562643863323462616433
34373065376132343330623337323763323064303831656261386234623234653866326265303632
33313236663663663131323737656135343333656562656563323737353863663031663335313736
38346462303639326465396331373766313638343532356336616662663838666236613232643138
61303830646661356163343065306461623934623264303833383938333761633439363936326634
38646262663531656534303137663336313032613137346230336565393962646336393430333866
38373933363764663233376537623265326237343265376565663638333431633334646634386235
64376163393934663935326536383038633463653636313232623234346433613762363165366638
36656162616534653461666535636535356330663530643031656461393763323261616332336363
30633533633839643132326633383034646162343038326363623261653666613664376338343230
35353336366466646133626438323230353832326233336166623538636261303933653264393064
38303166373238313561346662383937306435643566336330623634653836343061383630363539
36356132366537313362303538396135316136356139663362643538326430343766356661363430
37613333313937343532666165616461323961346663376530333564386162633036653964393835
32343433303665363663393932626461333362346633336663623963346533383037333563623637
31616232323565636365613533616236666431343733393138383666623930306666313466323130
63336261323866613637653437343936313436623365656334393932663937363237633264323766
36636365306436303763613637373632653064386132613637396532363232313031633465633865
39363165333138336130663333316661316363623036396538613666333931643632383631336666
37613366316533633761656636653137376366343065393335663832303135636136393137373139
62613363386439346663333532653933393938346331336138376665323161653739383237623762
33663264343331346431663365646236323362626334383330666438623761383132366634633334
65663430363230333236376537396335363838326263363062616361353163663530643539666530
66623861633038646266363532653738623834396238663165386365343461633764643839373433
35353332396662373233643532613335613931323431346561316462363339383536656433633166
34383664643134393664383865616131633930633966646165623430383466643433373337653430
38343731613632353532346238633236323765663538616262323832653138633263373232373631
39633638366663613466663633623233656132356565386266653630316633656130613834643061
31353336353465386561386533393030306639383462663931393137633864646533383037373362
63303033623163613131643538386566356362623733656262386533643839373532316137623932
34303131626632383930303438363861666137363564656130303031633564333632316539343164
64663465656165653634343838646264663433633865316165643961363130353233376266646133
64636137383134646465373161616465613830313538616630396133316237646563373535626461
31633636613130386238343231623830666461613739376166373965346464353134356565316630
62366336653761356666623861646334623338386236376265313035386531363633353065346236
33323035633962373037636431643839613430303763363162613965626639623730643561333564
31346532376635333066636334393862383536643362666438646635643933363135363833373734
61653835653563356539376539353065663665333135353161623336326530663861623765666339
35323034306636316266663539646239336666396336363366373665313965363864633965393133
33353265663630653139303931636136653635383933643239346231366536663031316338623732
62626163313363323565333863366461626266653730323338623130323239323830656165376664
36316262346433613939303931336662663039386261346230653635333364636662343738323163
66613436626266633863373031376339633166396438383731333231363362353237303231343064
36373130383764373764663763353534373661316639343036643366376662303263306336366630
37643134643632363031303436613838343062616464336631653032363331323265333638666137
34363736616534643137643366633466313136633761636532393630646661346331316135336134
38306632316663313066643536313934396263653862393232353939666134353037323133356132
65316236376334663134626333363232393734643531363433356634636339363333643934346532
35613535383463356432343537623231623036613732323065373331373464366336333861393337
63343033366135643938386162303364633235313762373266633063643138343963633739656531
30333035386163333266313139643338306531666435633939613633313330313538333337363238
63623364336564363533666539613331343536343364663061343964396365326564616561393132
65303564616231376563626637633063386130663132643830636564616236633530363964303063
61313531333836653234613339306335306338613638366565656362666134666636316161663130
37313065363066616433313338396536656265636364376431333633396639613437356434356639
63333838353735613263333436613434643430636266653366303630303437626635396238306466
63663762633566616536303732643662623861636462353335383035356534323739653535373432
65663435643738646265323138663933643930356335333162323563666532626531616164636165
3961383331316235363738613433333130666234393237663430
